cmdstan-2.17.1
stansummary of output.csv

Inference for Stan model: lda_model
1 chains: each with iter=(1000); warmup=(0); thin=(1); 1000 iterations saved.

######################################
Inferenz durchgeführt mit dem No-U-Turm-Sampler (NUTS). 
Der ADVI-Algorithmus (Automatic Differentiation Variational Inference) wäre viel schneller gewesen, dafür aber auch ungenauer im Bezug auf die Inferenzausgabe. 

Anzahl der Themen/Topics K = 2 
Größe des Vokabulars V = 5
Anzahl der Dokumente M = 25
Hyperparameter-Vektor alpha (K-gross) = (0.5, 0.5)
Hyperparameter-Vektor beta (V-gross)  = (0.2, 0.2, 0.2, 0.2, 0.2)

######################################

Warmup took (4.5) seconds, 4.5 seconds total
Sampling took (4.5) seconds, 4.5 seconds total

                    Mean     MCSE   StdDev        5%       50%    95%  N_Eff  N_Eff/s    R_hat
lp__           -4.0e+002 3.3e-001 5.2e+000 -4.1e+002 -4.0e+002   -389    250       56 1.0e+000
accept_stat__   8.8e-001 8.5e-003 1.8e-001  4.9e-001  9.5e-001   1.00    462      103 1.0e+000
stepsize__      1.6e-001 8.2e-016 5.8e-016  1.6e-001  1.6e-001   0.16   0.50     0.11 1.0e+000
treedepth__     4.6e+000 1.8e-002 5.0e-001  4.0e+000  5.0e+000    5.0    766      170 1.0e+000
n_leapfrog__    2.8e+001 2.6e-001 8.3e+000  1.5e+001  3.1e+001     31   1000      222 1.0e+000
divergent__     0.0e+000 0.0e+000 0.0e+000  0.0e+000  0.0e+000   0.00   1000      222      nan
energy__        4.1e+002 4.4e-001 6.7e+000  4.0e+002  4.1e+002    425    238       53 1.0e+000
theta[1,1]      9.0e-001 3.7e-003 1.2e-001  6.4e-001  9.4e-001   1.00   1000      222 1.0e+000
theta[1,2]      1.0e-001 3.7e-003 1.2e-001  3.8e-004  5.5e-002   0.36   1000      222 1.0e+000
theta[2,1]      9.4e-001 2.4e-003 7.7e-002  7.8e-001  9.7e-001   1.00   1000      222 1.0e+000
theta[2,2]      5.9e-002 2.4e-003 7.7e-002  2.5e-004  3.0e-002   0.21   1000      222 1.0e+000
theta[3,1]      6.1e-001 4.4e-003 1.4e-001  3.7e-001  6.1e-001   0.83   1000      222 1.0e+000
theta[3,2]      3.9e-001 4.4e-003 1.4e-001  1.7e-001  3.9e-001   0.63   1000      222 1.0e+000
theta[4,1]      5.8e-001 4.4e-003 1.4e-001  3.5e-001  5.9e-001   0.79   1000      222 1.0e+000
theta[4,2]      4.2e-001 4.4e-003 1.4e-001  2.1e-001  4.1e-001   0.65   1000      222 1.0e+000
theta[5,1]      4.9e-002 1.9e-003 6.1e-002  1.2e-004  2.5e-002   0.18   1000      222 1.0e+000
theta[5,2]      9.5e-001 1.9e-003 6.1e-002  8.2e-001  9.7e-001   1.00   1000      222 1.0e+000
theta[6,1]      9.3e-001 2.8e-003 8.8e-002  7.5e-001  9.7e-001   1.00   1000      222 1.0e+000
theta[6,2]      6.5e-002 2.8e-003 8.8e-002  2.0e-004  2.8e-002   0.25   1000      222 1.0e+000
theta[7,1]      9.0e-001 3.7e-003 1.2e-001  6.6e-001  9.4e-001   1.00   1000      222 1.0e+000
theta[7,2]      1.0e-001 3.7e-003 1.2e-001  4.4e-004  5.7e-002   0.34   1000      222 1.0e+000
theta[8,1]      4.0e-002 1.7e-003 5.4e-002  2.5e-004  1.8e-002   0.15   1000      222 1.0e+000
theta[8,2]      9.6e-001 1.7e-003 5.4e-002  8.4e-001  9.8e-001   1.00   1000      222 1.0e+000
theta[9,1]      9.3e-001 3.0e-003 9.5e-002  7.3e-001  9.7e-001   1.00   1000      222 1.0e+000
theta[9,2]      7.3e-002 3.0e-003 9.5e-002  3.8e-004  3.4e-002   0.27   1000      222 1.0e+000
theta[10,1]     3.5e-002 1.6e-003 5.1e-002  5.1e-005  1.4e-002   0.13   1000      222 1.0e+000
theta[10,2]     9.7e-001 1.6e-003 5.1e-002  8.7e-001  9.9e-001   1.00   1000      222 1.0e+000
theta[11,1]     9.2e-001 3.3e-003 1.0e-001  6.9e-001  9.7e-001   1.00   1000      222 1.0e+000
theta[11,2]     7.6e-002 3.3e-003 1.0e-001  3.4e-004  3.3e-002   0.31   1000      222 1.0e+000
theta[12,1]     8.8e-001 4.8e-003 1.5e-001  5.7e-001  9.4e-001   1.00   1000      222 1.0e+000
theta[12,2]     1.2e-001 4.8e-003 1.5e-001  2.2e-004  6.2e-002   0.43   1000      222 1.0e+000
theta[13,1]     3.2e-001 6.5e-003 2.1e-001  4.3e-002  2.9e-001   0.70   1000      222 1.0e+000
theta[13,2]     6.8e-001 6.5e-003 2.1e-001  3.0e-001  7.1e-001   0.96   1000      222 1.0e+000
theta[14,1]     9.5e-001 2.0e-003 6.2e-002  8.1e-001  9.8e-001   1.00   1000      222 1.0e+000
theta[14,2]     4.8e-002 2.0e-003 6.2e-002  3.1e-004  2.5e-002   0.19   1000      222 1.0e+000
theta[15,1]     7.2e-002 3.1e-003 9.7e-002  2.7e-004  3.1e-002   0.28   1000      222 1.0e+000
theta[15,2]     9.3e-001 3.1e-003 9.7e-002  7.2e-001  9.7e-001   1.00   1000      222 1.0e+000
theta[16,1]     8.5e-001 3.6e-003 1.1e-001  6.3e-001  8.8e-001   0.99   1000      222 1.0e+000
theta[16,2]     1.5e-001 3.6e-003 1.1e-001  1.2e-002  1.2e-001   0.37   1000      222 1.0e+000
theta[17,1]     1.9e-001 4.4e-003 1.4e-001  1.3e-002  1.6e-001   0.46   1000      222 1.0e+000
theta[17,2]     8.1e-001 4.4e-003 1.4e-001  5.4e-001  8.4e-001   0.99   1000      222 1.0e+000
theta[18,1]     1.7e-001 4.3e-003 1.3e-001  6.9e-003  1.4e-001   0.43   1000      222 1.0e+000
theta[18,2]     8.3e-001 4.3e-003 1.3e-001  5.7e-001  8.6e-001   0.99   1000      222 1.0e+000
theta[19,1]     8.0e-001 4.8e-003 1.5e-001  5.1e-001  8.3e-001   0.99   1000      222 1.0e+000
theta[19,2]     2.0e-001 4.8e-003 1.5e-001  1.0e-002  1.7e-001   0.49   1000      222 1.0e+000
theta[20,1]     9.0e-001 4.0e-003 1.3e-001  6.3e-001  9.4e-001   1.00   1000      222 1.0e+000
theta[20,2]     1.0e-001 4.0e-003 1.3e-001  4.3e-004  5.7e-002   0.37   1000      222 1.0e+000
theta[21,1]     3.5e-001 9.8e-003 2.0e-001  3.4e-002  3.3e-001   0.69    404       90 1.0e+000
theta[21,2]     6.5e-001 9.8e-003 2.0e-001  3.1e-001  6.7e-001   0.97    404       90 1.0e+000
theta[22,1]     2.3e-001 5.5e-003 1.7e-001  1.2e-002  2.0e-001   0.58   1000      222 1.0e+000
theta[22,2]     7.7e-001 5.5e-003 1.7e-001  4.2e-001  8.0e-001   0.99   1000      222 1.0e+000
theta[23,1]     7.0e-001 5.3e-003 1.7e-001  4.0e-001  7.1e-001   0.94   1000      222 1.0e+000
theta[23,2]     3.0e-001 5.3e-003 1.7e-001  6.0e-002  2.9e-001   0.60   1000      222 1.0e+000
theta[24,1]     6.1e-001 4.4e-003 1.4e-001  3.7e-001  6.1e-001   0.83   1000      222 1.0e+000
theta[24,2]     3.9e-001 4.4e-003 1.4e-001  1.7e-001  3.9e-001   0.63   1000      222 1.0e+000
theta[25,1]     4.5e-002 2.0e-003 6.2e-002  1.4e-004  2.1e-002   0.17   1000      222 1.0e+000
theta[25,2]     9.6e-001 2.0e-003 6.2e-002  8.3e-001  9.8e-001   1.00   1000      222 1.0e+000
phi[1,1]        6.7e-003 5.7e-004 1.2e-002  6.3e-009  9.0e-004  0.033    444       99 1.0e+000
phi[1,2]        2.7e-003 1.7e-004 5.3e-003  2.0e-009  3.5e-004  0.014   1000      222 1.0e+000
phi[1,3]        2.8e-001 2.0e-003 5.2e-002  2.0e-001  2.8e-001   0.37    683      152 1.0e+000
phi[1,4]        4.1e-001 1.7e-003 4.7e-002  3.3e-001  4.1e-001   0.49    737      164 1.0e+000
phi[1,5]        3.0e-001 1.4e-003 4.4e-002  2.3e-001  3.0e-001   0.38   1000      222 1.0e+000
phi[2,1]        3.9e-001 1.8e-003 4.7e-002  3.2e-001  3.9e-001   0.47    654      145 1.0e+000
phi[2,2]        3.4e-001 1.4e-003 4.6e-002  2.6e-001  3.3e-001   0.42   1000      222 1.0e+000
phi[2,3]        2.6e-001 1.8e-003 5.1e-002  1.8e-001  2.6e-001   0.35    797      177 1.0e+000
phi[2,4]        3.3e-003 2.3e-004 7.1e-003  3.1e-009  4.2e-004  0.016    994      221 1.0e+000
phi[2,5]        9.2e-003 8.8e-004 1.6e-002  2.8e-008  1.6e-003  0.044    315       70 1.0e+000

Samples were drawn using hmc with nuts.
For each parameter, N_Eff is a crude measure of effective sample size,
and R_hat is the potential scale reduction factor on split chains (at
convergence, R_hat=1).